Milliseconds,Latitude,Longitude,Altitude,Speed
0,48.1544936,17.2294671,135.165,3.832
385,48.154507,17.2294665,135.2,3.858
825,48.1545206,17.229466,135.064,3.795
1210,48.1545318,17.2294662,135.047,3.708
1595,48.1545466,17.2294661,135.036,3.689
1980,48.1545593,17.2294665,135.083,3.686
2420,48.1545741,17.2294667,135.077,3.634
2805,48.154586,17.2294682,135.16,3.444
3190,48.1545982,17.2294687,135.179,3.602
3575,48.1546121,17.2294695,135.1,3.624
4015,48.1546227,17.229471,135.184,3.191
4400,48.1546338,17.2294725,135.142,3.055
4785,48.1546452,17.2294734,135.123,2.805
5225,48.1546554,17.2294762,135.132,3.039
5610,48.1546658,17.2294796,135.178,3.243
5995,48.1546772,17.2294857,135.134,3.12
6435,48.1546854,17.2294934,135.067,2.781
6820,48.1546934,17.2295023,135.088,2.797
7205,48.1546998,17.2295124,135.073,2.803
7590,48.1547058,17.2295264,135.189,3.024
8030,48.1547096,17.2295412,135.24,3.079
8415,48.1547123,17.2295567,135.304,3.2
8800,48.154714,17.2295731,135.233,3.303
9185,48.1547149,17.2295902,135.153,3.388
9625,48.1547146,17.2296114,135.118,3.548
10010,48.1547141,17.2296327,135.147,3.779
10396,48.1547146,17.2296521,135.148,3.669
10835,48.1547145,17.2296721,135.152,3.908
11220,48.1547143,17.2296957,135.192,4.017
11605,48.1547153,17.2297169,135.238,4.073
11990,48.1547167,17.2297379,135.242,3.978
12430,48.1547171,17.2297598,135.307,4.154
12815,48.1547182,17.2297814,135.366,4.249
13200,48.1547189,17.2297997,135.357,4.076
13585,48.1547192,17.2298252,135.353,4.204
14025,48.1547194,17.2298473,135.376,4.221
14410,48.1547201,17.2298732,135.286,4.333
14795,48.1547197,17.2298958,135.258,4.389
15180,48.1547193,17.2299215,135.205,4.296
15620,48.1547187,17.2299445,135.201,4.393
16005,48.1547176,17.2299709,135.309,4.358
16390,48.1547167,17.2299936,135.32,4.415
16775,48.1547161,17.2300166,135.318,4.308
17215,48.1547143,17.2300434,135.379,4.538
17600,48.1547127,17.2300669,135.393,4.579
17985,48.1547111,17.2300907,135.386,4.49
18425,48.1547088,17.2301149,135.383,4.626
18810,48.1547071,17.2301356,135.302,4.614
19195,48.1547056,17.2301605,135.248,4.63
19580,48.1547033,17.2301889,135.188,4.864
20020,48.1547015,17.230218,135.096,4.925
20405,48.1546995,17.2302478,135.07,4.966
20790,48.1546977,17.2302747,134.998,5.162
21230,48.1546966,17.2303022,134.93,5.258
21615,48.1546951,17.2303334,134.912,5.163
22000,48.1546938,17.2303609,134.938,5.286
22385,48.1546926,17.2303881,134.969,5.251
22825,48.1546912,17.2304148,135.008,5.092
23210,48.1546897,17.2304379,135.064,5.116
23595,48.1546874,17.2304681,135.126,5.053
23980,48.1546851,17.2304978,135.186,4.951
24420,48.1546825,17.2305237,135.214,5
24805,48.1546805,17.2305497,135.253,5.009
25190,48.1546789,17.2305759,135.255,4.947
25630,48.1546767,17.2306059,135.261,5.007
26015,48.1546756,17.2306326,135.231,5.109
26400,48.1546743,17.2306633,135.216,5.167
26785,48.1546732,17.2306901,135.202,5.162
27225,48.1546734,17.230713,135.242,5.067
27555,48.1546727,17.2307436,135.273,5.153
27995,48.1546727,17.2307709,135.278,5.277
28435,48.1546726,17.2308066,135.272,5.277
28820,48.1546724,17.2308304,135.248,5.311
29205,48.1546725,17.2308544,135.229,5.281
29590,48.1546717,17.2308858,135.28,5.306
30030,48.1546709,17.2309134,135.313,5.363
30415,48.1546705,17.2309452,135.34,5.264
30800,48.1546695,17.2309734,135.326,5.402
31185,48.1546692,17.2310016,135.328,5.376
31625,48.1546683,17.2310334,135.365,5.384
32010,48.1546676,17.2310654,135.385,5.408
32396,48.1546673,17.2310934,135.429,5.392
32780,48.1546665,17.2311217,135.438,5.371
33220,48.1546655,17.2311497,135.483,5.305
33605,48.1546642,17.2311776,135.524,5.406
33990,48.1546628,17.2312058,135.556,5.478
34430,48.1546613,17.2312379,135.58,5.467
34815,48.1546598,17.2312661,135.579,5.388
35200,48.1546587,17.2312942,135.591,5.392
35585,48.1546562,17.2313269,135.566,5.562
36025,48.1546545,17.2313555,135.525,5.477
36410,48.1546524,17.2313846,135.509,5.671
36795,48.1546504,17.2314133,135.516,5.496
37180,48.1546491,17.2314422,135.505,5.54
37620,48.154648,17.2314753,135.567,5.598
38005,48.1546487,17.2315048,135.659,5.636
38390,48.1546471,17.2315379,135.678,5.607
38830,48.1546454,17.2315663,135.743,5.501
39215,48.1546442,17.2315907,135.804,5.506
39600,48.1546421,17.2316238,135.823,5.681
39985,48.1546408,17.2316532,135.798,5.749
40425,48.1546387,17.2316865,135.733,5.701
40810,48.1546373,17.231716,135.68,5.703
41195,48.1546367,17.2317448,135.72,5.514
41580,48.1546359,17.231778,135.744,5.621
42020,48.1546354,17.2318068,135.783,5.506
42405,48.1546346,17.23184,135.804,5.54
42790,48.1546344,17.231869,135.836,5.592
43230,48.154633,17.2319017,135.827,5.592
43615,48.1546324,17.2319301,135.807,5.561
44000,48.1546319,17.2319587,135.79,5.479
44385,48.1546314,17.2319872,135.746,5.453
44825,48.1546316,17.2320159,135.761,5.555
45210,48.1546316,17.2320442,135.735,5.554
45595,48.1546314,17.2320727,135.702,5.534
46035,48.1546315,17.2321014,135.655,5.484
46420,48.1546311,17.2321346,135.589,5.633
46805,48.1546309,17.2321642,135.569,5.713
47190,48.1546307,17.2321929,135.595,5.6
47630,48.1546297,17.2322255,135.572,5.43
48015,48.1546289,17.2322539,135.543,5.325
48400,48.1546273,17.2322856,135.566,5.409
48785,48.1546259,17.2323134,135.553,5.301
49225,48.154624,17.2323409,135.571,5.18
49610,48.1546219,17.232368,135.567,5.127
49995,48.1546195,17.2323946,135.574,5.257
50380,48.1546165,17.2324258,135.58,5.37
50820,48.1546141,17.2324534,135.575,5.347
51205,48.1546126,17.232477,135.555,5.245
51590,48.1546097,17.2325092,135.526,5.492
52030,48.1546074,17.2325376,135.518,5.52
52415,48.1546043,17.2325699,135.532,5.479
52800,48.154602,17.2325986,135.569,5.509
53185,48.1545996,17.2326268,135.568,5.5
53625,48.1545967,17.2326594,135.55,5.488
54010,48.1545944,17.2326919,135.568,5.381
54396,48.1545919,17.2327201,135.605,5.424
54780,48.1545897,17.232749,135.57,5.624
55220,48.1545877,17.2327733,135.551,5.477
55605,48.1545851,17.2328104,135.548,5.57
55990,48.1545836,17.232835,135.578,5.374
56430,48.1545809,17.2328675,135.586,5.478
56815,48.1545791,17.2328962,135.608,5.633
57200,48.154577,17.2329243,135.633,5.368
57640,48.1545744,17.2329563,135.69,5.464
58025,48.154572,17.2329841,135.717,5.374
58410,48.1545694,17.2330163,135.763,5.451
58795,48.1545675,17.2330445,135.757,5.475
59235,48.1545654,17.2330685,135.766,5.52
59620,48.1545627,17.2331004,135.767,5.442
60005,48.1545601,17.2331284,135.771,5.433
60390,48.1545567,17.2331602,135.742,5.307
60830,48.1545539,17.2331882,135.769,5.501
61215,48.154551,17.2332118,135.761,5.456
61600,48.1545473,17.2332474,135.784,5.47
61985,48.154545,17.2332711,135.777,5.374
62425,48.154542,17.2333023,135.781,5.246
62810,48.1545392,17.23333,135.794,5.343
63195,48.1545363,17.2333574,135.81,5.375
63635,48.1545333,17.2333848,135.807,5.347
64020,48.1545299,17.2334163,135.828,5.346
64405,48.1545259,17.2334477,135.795,5.301
64790,48.1545227,17.233475,135.793,5.279
65230,48.1545192,17.2335022,135.786,5.384
65615,48.1545161,17.2335296,135.799,5.439
66000,48.1545131,17.2335571,135.812,5.332
66385,48.1545098,17.2335884,135.811,5.337
66825,48.1545072,17.2336159,135.822,5.399
67210,48.154504,17.2336436,135.794,5.395
67595,48.1545007,17.233675,135.818,5.308
67980,48.1544982,17.2336983,135.828,5.194
68420,48.154494,17.2337287,135.847,5.231
68805,48.154491,17.2337558,135.883,5.279
69190,48.1544883,17.2337785,135.897,5.169
69575,48.1544846,17.2338089,135.926,5.089
70015,48.1544809,17.2338396,135.913,5.203
70400,48.1544769,17.2338697,135.908,5.175
70785,48.1544741,17.2338964,135.951,5.197
71225,48.1544709,17.233923,135.939,5.235
71555,48.1544676,17.2339496,135.936,5.197
71995,48.1544645,17.2339763,135.927,5.168
72380,48.1544606,17.2340064,135.934,5.084
72820,48.1544578,17.2340324,135.99,5.026
73205,48.1544546,17.2340583,135.997,5.026
73590,48.1544512,17.2340844,136.005,5.067
74030,48.1544483,17.2341105,136.038,5.139
74415,48.1544447,17.2341407,136.056,5.319
74800,48.1544412,17.2341671,136.064,5.136
75185,48.1544381,17.2341939,136.043,5.237
75625,48.1544344,17.2342238,136.063,5.093
76010,48.1544314,17.2342502,136.091,5.202
76396,48.1544283,17.2342764,136.127,5.109
76835,48.1544241,17.2343066,136.167,5.104
77220,48.1544207,17.2343333,136.204,5.191
77605,48.1544165,17.2343595,136.245,5.224
77990,48.1544124,17.2343856,136.269,5.194
78430,48.1544074,17.2344154,136.278,5.183
78815,48.1544019,17.234442,136.231,5.268
79200,48.1543962,17.2344734,136.152,5.476
79585,48.1543912,17.2345008,136.087,5.52
80025,48.1543869,17.2345289,136.088,5.686
80410,48.1543824,17.234561,136.081,5.538
80795,48.1543783,17.2345894,136.074,5.613
81235,48.1543743,17.234618,136.018,5.596
81620,48.15437,17.2346464,136.012,5.636
82005,48.1543657,17.2346747,135.97,5.561
82390,48.1543606,17.2347072,135.962,5.67
82830,48.1543563,17.2347356,135.973,5.633
83215,48.154352,17.2347643,135.927,5.73
83600,48.1543476,17.2347932,135.865,5.756
83985,48.1543434,17.2348224,135.795,5.752
84425,48.1543392,17.2348559,135.74,5.767
84810,48.1543357,17.2348855,135.699,5.719
85195,48.1543322,17.2349156,135.61,5.916
85580,48.1543283,17.2349498,135.55,5.807
86020,48.1543248,17.2349799,135.516,5.987
86405,48.1543207,17.2350145,135.443,5.988
86790,48.1543171,17.235045,135.401,6.035
87175,48.1543135,17.2350759,135.366,6.076
87615,48.1543098,17.2351071,135.277,6.116
88000,48.1543059,17.2351388,135.212,6.21
88385,48.1543016,17.2351753,135.093,6.266
88825,48.1542977,17.2352076,135.039,6.453
89210,48.1542938,17.2352403,134.939,6.447
89595,48.1542894,17.2352782,134.804,6.616
89980,48.1542863,17.2353073,134.703,6.621
90420,48.1542823,17.2353467,134.593,6.843
90805,48.1542791,17.2353813,134.489,6.761
91190,48.154276,17.2354172,134.376,7.086
91630,48.154273,17.2354531,134.302,6.966
92015,48.1542696,17.2354955,134.149,7.241
92400,48.1542665,17.2355382,133.998,7.208
92785,48.154264,17.235575,133.912,7.179
93225,48.1542616,17.2356114,133.83,7.004
93555,48.1542592,17.2356474,133.768,6.871
93995,48.1542566,17.2356878,133.736,6.672
94380,48.154254,17.2357223,133.702,6.703
94820,48.1542515,17.235756,133.662,6.503
95205,48.1542487,17.2357889,133.68,6.308
95590,48.1542462,17.2358212,133.657,6.263
96030,48.1542436,17.2358532,133.627,6.369
96415,48.1542411,17.2358886,133.574,6.019
96800,48.1542394,17.2359202,133.558,6.219
97185,48.1542381,17.2359525,133.471,6.376
97625,48.1542369,17.2359889,133.34,6.206
98010,48.1542365,17.2360304,133.3,6.24
98396,48.1542359,17.2360627,133.276,6.33
98835,48.154235,17.2360897,133.175,6.138
99220,48.1542338,17.2361221,133.085,6.28
99605,48.154232,17.2361535,133.058,5.94
99990,48.1542299,17.2361854,133.083,6.155
100430,48.1542276,17.2362165,133.137,5.908
100815,48.1542241,17.2362465,133.059,5.889
101200,48.1542211,17.2362761,133.094,5.698
101585,48.1542179,17.2363141,133.185,5.604
102025,48.1542156,17.2363448,133.276,6.042
102410,48.1542129,17.2363756,133.328,6.248
102795,48.1542093,17.2364104,133.397,6.051
103180,48.1542057,17.2364363,133.415,5.888
103620,48.1542004,17.2364715,133.523,6.052
104005,48.1541949,17.2365023,133.543,6.176
104390,48.1541869,17.2365371,133.576,6.237
104775,48.15418,17.2365675,133.615,6.141
105215,48.1541713,17.2365973,133.638,6.27
105600,48.1541617,17.2366313,133.684,6.129
105985,48.1541533,17.2366562,133.724,6.222
106425,48.1541425,17.2366905,133.7,6.356
106810,48.1541325,17.2367197,133.707,6.314
107195,48.1541225,17.2367489,133.746,6.36
107580,48.1541104,17.2367816,133.788,6.424
108020,48.1540997,17.2368101,133.784,6.316
108405,48.1540871,17.236843,133.749,6.473
108790,48.1540759,17.2368714,133.694,6.426
109230,48.1540645,17.2368996,133.726,6.318
109615,48.1540529,17.2369277,133.739,6.352
110000,48.1540413,17.2369568,133.728,6.388
110385,48.1540282,17.236989,133.734,6.371
110825,48.1540173,17.2370172,133.757,6.138
111210,48.1540063,17.2370455,133.79,6.287
111595,48.1539959,17.2370741,133.767,6.234
112035,48.1539854,17.2371026,133.813,6.288
112420,48.1539741,17.2371354,133.848,6.195
112805,48.1539638,17.2371643,133.82,6.375
113190,48.1539538,17.2371944,133.765,6.389
113630,48.1539425,17.2372277,133.761,6.235
114015,48.153933,17.2372572,133.788,6.425
114400,48.153922,17.2372906,133.774,6.341
114785,48.1539139,17.2373161,133.774,6.444
115225,48.1539042,17.2373454,133.762,6.182
115555,48.153893,17.2373797,133.754,6.517
115995,48.1538816,17.2374135,133.737,6.52
116435,48.1538717,17.2374435,133.735,6.649
116820,48.15386,17.2374778,133.726,6.509
117205,48.153851,17.2375037,133.678,6.524
117590,48.1538394,17.2375384,133.675,6.457
118030,48.1538295,17.2375686,133.714,6.482
118415,48.1538195,17.2375989,133.718,6.481
118800,48.1538097,17.23763,133.713,6.619
119185,48.1538018,17.2376569,133.688,6.514
119625,48.15379,17.237697,133.681,6.543
120010,48.1537812,17.2377285,133.653,6.437
120396,48.1537713,17.2377653,133.657,6.665
120780,48.1537628,17.2377973,133.63,6.456
121220,48.1537541,17.2378294,133.632,6.578
121605,48.1537444,17.2378661,133.631,6.593
121990,48.1537373,17.2378929,133.61,6.249
122375,48.1537281,17.2379293,133.635,6.635
122815,48.1537203,17.2379611,133.643,6.484
123200,48.1537141,17.2379889,133.673,6.566
123585,48.1537057,17.2380253,133.658,6.418
124025,48.1536993,17.2380572,133.686,6.31
124410,48.1536923,17.2380928,133.691,6.178
124795,48.1536872,17.2381239,133.859,6.297
125180,48.1536824,17.2381533,133.971,5.76
125620,48.153677,17.2381868,134.105,5.747
126005,48.1536722,17.2382143,134.21,5.435
126390,48.1536679,17.2382409,134.301,5.255
126831,48.1536634,17.238267,134.353,5.137
127216,48.1536581,17.2382953,134.401,4.894
127601,48.1536527,17.2383229,134.394,4.879
127986,48.1536476,17.2383466,134.353,4.713
128426,48.1536413,17.2383701,134.303,5.082
128811,48.1536335,17.2383934,134.129,5.16
129196,48.1536251,17.2384165,133.804,5.015
129636,48.1536153,17.2384389,133.671,5.181
130021,48.1536041,17.2384627,133.48,5.75
130406,48.1535892,17.2384957,133.222,6.092
130791,48.1535768,17.2385224,133.054,6.335
131176,48.1535647,17.2385494,133.092,6.322
131616,48.1535519,17.2385759,133.071,6.367
132001,48.1535373,17.2386057,133.033,6.275
132386,48.1535243,17.2386302,133.061,6.008
132826,48.1535108,17.2386546,133.08,5.94
133211,48.1534977,17.2386791,133.122,6.046
133596,48.1534823,17.2387044,133.133,5.819
134036,48.1534696,17.2387267,133.187,5.602
134421,48.1534572,17.2387488,133.303,5.567
134806,48.1534455,17.2387724,133.39,5.607
135191,48.1534345,17.2387958,133.384,5.55
135631,48.1534237,17.2388236,133.448,5.443
136016,48.1534153,17.2388478,133.532,5.394
136401,48.1534068,17.2388772,133.562,5.478
136786,48.1534001,17.2389038,133.471,5.36
137226,48.1533934,17.2389298,133.495,5.273
137556,48.1533874,17.238956,133.517,5.486
137996,48.1533814,17.238982,133.516,5.378
138381,48.1533747,17.2390116,133.432,5.228
138821,48.1533687,17.2390419,133.451,5.372
139206,48.1533637,17.2390638,133.456,5.378
139591,48.1533574,17.2390931,133.424,5.125
140031,48.1533519,17.2391179,133.453,4.969
140416,48.153346,17.2391427,133.364,5.12
140801,48.1533404,17.239168,133.321,5.144
141186,48.1533357,17.2391888,133.305,5.082
141571,48.1533277,17.2392201,133.197,5.052
142011,48.1533224,17.2392415,133.144,5.149
142396,48.1533138,17.2392716,133.057,4.93
142781,48.1533062,17.239296,133.016,5.041
143221,48.1532976,17.2393191,133.011,5.207
143551,48.1532866,17.2393453,132.937,5.301
143991,48.153277,17.2393682,132.866,5.181
144431,48.1532654,17.239395,132.775,5.234
144816,48.1532563,17.2394197,132.715,5.569
145201,48.1532492,17.2394402,132.788,5.395
145586,48.1532403,17.2394688,132.8,5.255
146026,48.1532345,17.2394904,132.786,5.188
146411,48.1532265,17.2395189,132.768,5.269
146796,48.1532195,17.2395438,132.769,5.336
147181,48.1532135,17.2395648,132.748,5.047
147621,48.1532041,17.2395967,132.694,5.116
148006,48.1531972,17.2396218,132.698,5.432
148396,48.1531891,17.2396498,132.627,5.352
148831,48.1531822,17.2396747,132.618,5.314
149216,48.1531753,17.2396995,132.555,5.071
149656,48.1531669,17.2397284,132.481,5.404
149986,48.1531603,17.2397543,132.435,5.318
150426,48.153153,17.2397836,132.427,5.311
150811,48.1531482,17.239806,132.456,5.418
151196,48.1531427,17.2398317,132.468,5.234
151636,48.1531364,17.2398612,132.453,5.239
152021,48.1531318,17.2398839,132.394,5.259
152406,48.1531251,17.2399132,132.358,5.319
152791,48.153119,17.2399391,132.405,5.264
153231,48.1531137,17.2399615,132.387,5.296
153616,48.1531053,17.2399939,132.387,5.216
154001,48.1530985,17.2400191,132.446,5.301
154386,48.1530903,17.2400468,132.432,5.27
154826,48.1530837,17.240072,132.385,5.409
155211,48.1530777,17.2400976,132.336,5.173
155596,48.1530712,17.2401276,132.344,5.326
155981,48.1530665,17.2401544,132.376,5.399
156421,48.1530617,17.2401809,132.403,5.459
156806,48.1530568,17.240207,132.391,5.238
157191,48.1530514,17.2402333,132.359,5.195
157576,48.1530434,17.2402632,132.339,5.522
158016,48.1530367,17.2402895,132.352,5.604
158401,48.1530287,17.240319,132.249,5.401
158786,48.1530223,17.2403458,132.311,5.734
159226,48.1530156,17.2403727,132.315,5.534
159556,48.1530089,17.2403996,132.375,5.443
159996,48.1530016,17.24043,132.411,5.378
160381,48.152995,17.240456,132.375,5.467
160821,48.1529884,17.2404823,132.359,5.544
161206,48.152982,17.2405089,132.367,5.472
161591,48.1529741,17.2405391,132.376,5.332
162031,48.1529681,17.2405626,132.436,5.674
162416,48.1529602,17.2405929,132.476,5.565
162801,48.1529532,17.2406201,132.442,5.662
163186,48.1529467,17.2406434,132.317,5.583
163626,48.1529373,17.2406788,132.265,5.81
164011,48.1529309,17.2407071,132.328,5.667
164396,48.152924,17.2407388,132.451,5.481
164781,48.1529192,17.2407672,132.504,5.612
165221,48.1529142,17.2407945,132.504,5.541
165551,48.1529094,17.2408262,132.485,5.376
165991,48.1529048,17.2408539,132.521,5.497
166431,48.1529005,17.2408817,132.585,5.384
166816,48.1528966,17.2409095,132.6,5.495
167201,48.1528926,17.2409334,132.615,5.577
167586,48.1528872,17.2409693,132.654,5.66
168026,48.1528831,17.2409967,132.664,5.476
168411,48.1528791,17.241024,132.672,5.322
168796,48.1528755,17.2410518,132.744,5.414
169236,48.1528725,17.2410752,132.756,5.402
169621,48.1528683,17.2411112,132.746,5.537
170006,48.1528646,17.2411386,132.747,5.469
170396,48.1528608,17.2411699,132.772,5.386
170831,48.1528576,17.2411973,132.786,5.347
171216,48.1528539,17.2412245,132.803,5.231
171601,48.152851,17.2412558,132.816,5.187
171986,48.1528482,17.2412828,132.806,5.274
172426,48.1528457,17.2413109,132.882,5.536
172811,48.1528431,17.2413382,132.862,5.266
173196,48.1528393,17.2413657,132.825,5.439
173581,48.1528357,17.2413931,132.81,5.432
174021,48.1528315,17.2414204,132.931,5.513
174406,48.1528266,17.2414561,132.908,5.478
174791,48.1528236,17.2414835,132.876,5.31
175176,48.1528202,17.2415113,132.866,5.388
175561,48.1528176,17.2415388,132.86,5.25
176001,48.1528143,17.2415665,132.887,5.552
176386,48.1528109,17.2415981,132.862,5.447
176826,48.152808,17.2416254,132.871,5.383
177211,48.1528048,17.2416534,132.82,5.44
177651,48.1528027,17.2416855,132.733,5.39
178036,48.1528005,17.2417137,132.809,5.474
178421,48.1527986,17.2417415,132.868,5.458
178806,48.1527964,17.241769,132.83,5.188
179191,48.1527942,17.2417925,132.798,5.319
179576,48.1527919,17.2418245,132.814,5.424
180016,48.1527893,17.2418523,132.774,5.481
180401,48.1527865,17.241888,132.764,5.542
180786,48.152784,17.2419151,132.767,5.351
181226,48.1527817,17.2419384,132.75,5.297
181556,48.1527789,17.2419704,132.712,5.249
181996,48.1527757,17.2420018,132.686,5.371
182436,48.1527737,17.2420296,132.713,5.45
182821,48.1527709,17.2420571,132.721,5.304
183206,48.1527679,17.2420851,132.716,5.547
183591,48.1527643,17.2421172,132.673,5.355
184031,48.1527612,17.2421415,132.657,5.555
184416,48.1527576,17.2421739,132.695,5.629
184801,48.1527541,17.242202,132.706,5.445
185186,48.152751,17.2422261,132.728,5.47
185626,48.1527469,17.2422618,132.719,5.308
186011,48.1527439,17.2422895,132.757,5.508
186396,48.1527421,17.2423223,132.777,5.627
186836,48.1527407,17.2423499,132.795,5.456
187221,48.1527398,17.2423776,132.816,5.395
187551,48.152739,17.2424058,132.829,5.435
187991,48.1527372,17.2424374,132.85,5.226
188431,48.1527353,17.2424691,132.848,5.321
188816,48.1527333,17.2424929,132.881,5.446
189201,48.1527311,17.2425207,132.902,5.571
189586,48.1527285,17.2425522,132.925,5.259
190026,48.1527261,17.2425761,132.904,5.426
190411,48.1527238,17.2426074,132.866,5.097
190796,48.1527214,17.2426354,132.934,5.533
191181,48.1527196,17.242659,132.938,5.318
191621,48.1527167,17.2426943,132.954,5.295
192006,48.152714,17.242722,132.917,5.377
192396,48.1527115,17.242753,132.945,5.213
192776,48.1527081,17.2427803,132.948,5.39
193216,48.1527046,17.2428074,132.946,5.478
193546,48.1527003,17.2428385,132.901,5.364
193986,48.1526961,17.2428658,132.905,5.358
194426,48.152692,17.2428969,132.89,5.199
194811,48.1526889,17.2429201,132.926,5.31
195196,48.1526862,17.2429476,132.924,5.445
195581,48.1526841,17.2429747,132.946,5.304
196021,48.1526817,17.2430017,132.929,5.081
196406,48.1526799,17.243033,132.97,5.391
196791,48.1526771,17.2430599,132.93,5.285
197231,48.1526747,17.2430837,132.89,5.403
197616,48.1526718,17.2431182,132.844,5.07
198001,48.1526697,17.243146,132.899,5.292
198386,48.1526684,17.2431772,132.871,5.364
198826,48.1526669,17.2432047,132.861,5.279
199211,48.1526651,17.2432321,132.876,5.392
199541,48.152663,17.2432627,132.91,5.096
200036,48.1526604,17.2432897,132.924,5.32
200421,48.1526584,17.2433202,132.942,5.187
200806,48.1526562,17.2433473,132.936,5.44
201191,48.1526546,17.2433703,132.914,5.165
201631,48.1526528,17.2434017,132.919,5.157
202016,48.1526512,17.243425,132.936,5.331
202401,48.1526485,17.2434544,132.963,5.122
202786,48.1526462,17.2434802,132.953,5.007
203226,48.1526436,17.2435048,132.917,4.953
203556,48.1526397,17.2435328,132.944,4.855
203996,48.1526358,17.2435613,133.014,4.986
204381,48.1526319,17.2435894,133.04,4.815
204821,48.152628,17.2436141,132.981,4.863
205206,48.1526256,17.2436356,132.932,4.984
205591,48.1526243,17.2436642,132.932,4.849
206031,48.152624,17.2436897,132.98,4.848
206416,48.1526246,17.2437156,133.012,4.996
206801,48.1526256,17.2437405,133.015,4.805
207186,48.1526263,17.243762,133.012,4.756
207626,48.152628,17.243791,132.927,4.931
208011,48.1526287,17.2438158,132.96,5.07
208396,48.1526294,17.2438479,132.868,4.779
208781,48.1526293,17.2438735,132.857,4.805
209221,48.1526283,17.2438987,132.91,5.009
209551,48.1526273,17.2439238,132.89,4.823
209991,48.1526247,17.2439517,132.952,4.922
210376,48.1526209,17.243976,132.904,4.758
210816,48.1526167,17.2440011,132.921,5.04
211201,48.1526117,17.2440261,132.995,5.229
211586,48.1526052,17.2440552,133.081,5.291
212026,48.1526001,17.2440813,133.079,5.275
212411,48.1525949,17.2441079,132.975,5.478
212796,48.152591,17.2441362,132.895,5.706
213181,48.1525883,17.2441613,132.907,5.747
213621,48.1525858,17.2441993,133.052,5.744
214006,48.1525846,17.2442288,133.097,5.687
214396,48.152584,17.2442619,133.048,5.608
214776,48.1525841,17.2442913,133.03,5.417
215216,48.1525837,17.244321,133.064,5.852
215601,48.1525835,17.2443545,133.081,5.669
215986,48.1525828,17.244379,133.153,5.592
216426,48.1525824,17.2444116,133.127,5.358
216811,48.1525819,17.2444403,133.192,5.485
217196,48.1525808,17.2444681,133.264,5.239
217636,48.1525799,17.2444969,133.243,5.619
218021,48.1525786,17.2445249,133.145,5.301
218406,48.1525775,17.2445616,133.168,5.568
218791,48.1525774,17.24459,133.153,5.439
219231,48.1525775,17.2446187,133.177,5.535
219616,48.1525778,17.244647,133.257,5.481
220001,48.152577,17.2446751,133.233,5.425
220386,48.1525747,17.2447061,133.224,5.228
220826,48.1525711,17.2447326,133.357,5.173
221211,48.1525662,17.2447582,133.429,5.124
221596,48.1525616,17.2447848,133.336,5.487
222036,48.1525567,17.2448106,133.234,5.274
222421,48.1525528,17.2448411,133.212,5.363
222806,48.1525508,17.2448689,133.216,5.232
223191,48.1525496,17.2448961,133.3,5.15
223631,48.1525497,17.2449274,133.415,5.442
224016,48.152549,17.2449538,133.317,5.098
224401,48.1525473,17.2449845,133.199,5.229
224786,48.1525448,17.2450115,133.236,5.243
225226,48.1525408,17.2450376,133.288,4.988
225611,48.152537,17.2450636,133.43,5.109
225996,48.1525332,17.245089,133.37,5.043
226381,48.1525293,17.245119,133.302,5.165
226821,48.1525274,17.2451455,133.311,5.145
227206,48.1525263,17.2451728,133.304,5.287
227591,48.1525252,17.2451995,133.319,5.135
227976,48.152524,17.2452256,133.443,4.976
228416,48.1525206,17.2452553,133.426,5.141
228801,48.1525168,17.2452815,133.367,5.229
229186,48.152513,17.2453077,133.214,5.174
229626,48.15251,17.2453385,133.133,5.229
230011,48.1525083,17.2453647,133.08,5.118
230396,48.152507,17.2453958,132.995,5.346
230781,48.1525072,17.2454233,132.926,5.249
231221,48.1525064,17.2454465,132.894,5.247
231606,48.1525039,17.2454771,132.999,5.138
231991,48.1525009,17.2455035,133.078,5.122
232431,48.152497,17.2455334,133.172,5.027
232816,48.1524941,17.2455602,133.15,5.321
233201,48.1524912,17.2455869,133.168,5.22
233586,48.1524882,17.2456184,133.221,5.451
234026,48.1524856,17.2456457,133.297,5.116
234411,48.1524828,17.245677,133.41,5.354
234796,48.1524818,17.2457051,133.48,5.353
235236,48.1524806,17.2457325,133.497,5.302
235621,48.1524798,17.24576,133.524,5.227
236006,48.1524791,17.2457869,133.681,5.091
236396,48.1524771,17.2458178,133.719,5.444
236831,48.1524755,17.2458449,133.554,5.344
237216,48.1524732,17.2458675,133.646,5.267
237601,48.1524692,17.2458975,133.721,5.102
237986,48.1524659,17.2459245,133.753,5.264
238426,48.1524615,17.2459547,133.764,5.177
238811,48.1524585,17.2459818,133.835,5.419
239196,48.1524551,17.2460085,133.813,5.188
239636,48.1524506,17.2460386,133.849,5.485
240021,48.152447,17.246065,133.832,5.212
240406,48.1524429,17.2460922,133.723,5.358
240791,48.1524393,17.2461238,133.669,5.495
241231,48.1524363,17.2461474,133.733,5.46
241616,48.1524318,17.2461782,133.832,5.224
242001,48.1524284,17.2462056,133.775,5.336
242441,48.1524245,17.2462372,133.715,5.514
242826,48.1524219,17.2462647,133.734,5.418
243211,48.152419,17.2462918,133.781,5.464
243596,48.1524166,17.2463197,133.749,5.36
243981,48.1524156,17.2463478,133.624,5.383
244421,48.1524145,17.2463795,133.614,5.349
244806,48.1524145,17.2464036,133.657,5.54
245191,48.1524146,17.2464303,133.625,4.938
245631,48.1524137,17.2464644,133.666,5.208
246016,48.1524124,17.2464916,133.702,5.122
246401,48.1524104,17.2465229,133.717,5.385
246786,48.1524078,17.2465495,133.689,5.358
247226,48.1524064,17.2465801,133.678,5.291
247556,48.1524048,17.2466055,133.65,5.008
247996,48.1524043,17.2466315,133.671,4.897
248381,48.1524038,17.2466583,133.699,5.187
248821,48.152404,17.2466851,133.519,5.045
249206,48.1524035,17.2467121,133.468,5.108
249591,48.1524027,17.246742,133.424,5.034
250031,48.1524015,17.2467685,133.466,5.096
250416,48.1523989,17.2467954,133.512,5.263
250801,48.1523963,17.2468225,133.589,5.295
251186,48.1523936,17.2468491,133.623,5.186
251626,48.1523901,17.2468793,133.611,5.223
252011,48.152388,17.2469059,133.591,5.293
252396,48.152385,17.2469373,133.479,5.438
252836,48.1523831,17.2469647,133.5,5.348
253221,48.1523819,17.2469916,133.598,5.16
253606,48.1523803,17.2470188,133.597,5.304
253991,48.1523792,17.24705,133.546,5.357
254431,48.1523772,17.2470809,133.533,5.39
254816,48.1523757,17.2471042,133.533,5.32
255201,48.1523738,17.2471317,133.522,5.165
255586,48.1523708,17.2471638,133.479,5.572
256026,48.1523693,17.2471872,133.467,5.389
256411,48.1523663,17.2472177,133.417,5.233
256796,48.152363,17.2472444,133.452,5.344
257236,48.15236,17.2472719,133.478,5.408
257621,48.1523557,17.2473037,133.467,5.516
258006,48.1523522,17.2473315,133.458,5.502
258396,48.152348,17.247363,133.422,5.541
258831,48.1523446,17.2473904,133.485,5.492
259216,48.1523421,17.2474185,133.487,5.348
259601,48.152339,17.2474462,133.495,5.359
259986,48.152337,17.2474742,133.525,5.497
260426,48.1523338,17.2475068,133.43,5.613
260811,48.1523315,17.2475311,133.423,5.447
261196,48.1523291,17.2475599,133.439,5.446
261581,48.152324,17.2475926,133.375,5.659
262021,48.1523201,17.2476248,133.402,5.468
262406,48.1523166,17.2476583,133.553,5.997
262791,48.1523134,17.2476864,133.523,5.564
263176,48.1523106,17.2477149,133.519,5.65
263616,48.1523081,17.2477484,133.577,5.819
264001,48.1523056,17.2477772,133.514,5.512
264386,48.1523022,17.2478061,133.491,5.614
264826,48.1522992,17.247835,133.474,5.618
265211,48.1522959,17.2478635,133.45,5.644
265596,48.1522934,17.247896,133.483,5.411
265981,48.1522918,17.2479243,133.539,5.468
266421,48.152291,17.2479528,133.463,5.493
266806,48.152291,17.247982,133.426,5.619
267191,48.1522913,17.2480114,133.515,5.628
267631,48.1522915,17.2480442,133.564,5.61
268016,48.1522917,17.2480682,133.566,5.499
268401,48.1522916,17.2481024,133.733,5.653
268786,48.1522926,17.2481313,133.611,5.502
269226,48.1522931,17.2481611,133.587,5.609
269611,48.1522945,17.248194,133.586,5.69
269996,48.1522954,17.2482219,133.573,5.467
270436,48.1522967,17.2482559,133.618,5.911
270821,48.1522984,17.2482832,133.41,5.373
271206,48.1522973,17.2483116,133.373,5.307
271591,48.1522955,17.2483437,133.409,5.396
272031,48.1522923,17.248371,133.385,5.361
272416,48.1522876,17.2483984,133.35,5.603
272801,48.1522816,17.2484255,133.416,5.552
273241,48.1522749,17.2484568,133.4,5.534
273626,48.1522711,17.2484839,133.374,5.229
274011,48.1522682,17.2485107,133.184,5.139
274396,48.1522686,17.2485438,133.318,5.414
274836,48.1522707,17.2485707,132.97,5.44
275221,48.1522726,17.2485982,133.03,5.204
275606,48.1522747,17.2486267,133.13,5.53
275991,48.1522766,17.2486581,132.954,5.18
276431,48.152278,17.248686,133.166,5.367
276816,48.1522784,17.248713,133.001,5.129
277201,48.152279,17.2487442,132.95,5.305
277586,48.1522788,17.2487715,132.846,5.322
278026,48.1522777,17.2487994,132.974,5.41
278411,48.1522771,17.2488266,132.877,5.324
278796,48.1522758,17.2488568,132.858,5.212
279181,48.1522745,17.2488835,132.827,5.123
279621,48.1522732,17.2489087,132.83,4.674
280006,48.152272,17.2489342,132.881,4.856
280396,48.1522712,17.248963,132.787,5.051
280831,48.1522704,17.2489915,132.858,4.846
281216,48.1522699,17.2490162,132.741,4.9
281601,48.1522701,17.2490405,132.757,4.671
281986,48.1522699,17.2490607,132.775,4.599
282426,48.1522694,17.2490886,132.746,4.653
282811,48.1522691,17.2491123,132.671,4.489
283196,48.1522685,17.2491347,132.712,4.183
283581,48.1522681,17.2491576,132.845,4.323
284021,48.1522666,17.2491805,133.072,4.275
284406,48.1522652,17.2492072,133.204,3.888
284791,48.152264,17.2492277,133.107,4.067
285231,48.152263,17.2492495,133.414,4.078
285616,48.152262,17.2492705,133.359,4.169
286001,48.1522609,17.2492916,133.295,4.125
286386,48.1522595,17.249316,133.314,4.203
286826,48.1522584,17.2493375,133.331,4.099
287211,48.1522577,17.2493562,133.275,4.142
287596,48.1522567,17.2493818,133.231,4.336
288036,48.1522561,17.2494046,133.083,4.444
288421,48.1522553,17.2494319,133.051,4.615
288806,48.1522546,17.2494565,132.979,4.758
289191,48.1522536,17.2494811,132.671,4.848
289631,48.1522522,17.2495115,132.403,5.246
290016,48.1522506,17.2495393,132.124,5.541
290401,48.1522488,17.2495684,131.881,5.752
290841,48.1522465,17.2496031,131.69,5.919
291226,48.1522442,17.2496341,131.478,6.09
291611,48.1522415,17.2496656,131.338,6.241
291996,48.1522394,17.2496981,131.223,6.283
292436,48.1522368,17.249736,131.18,6.343
292821,48.1522351,17.24977,131.183,6.59
293206,48.1522338,17.2498032,131.207,6.515
293591,48.1522328,17.249841,131.289,6.343
294031,48.1522322,17.249874,131.266,6.378
294416,48.1522321,17.2499071,131.253,6.426
294801,48.152232,17.2499451,131.125,6.342
295186,48.1522328,17.2499804,131.099,6.735
295626,48.1522333,17.2500154,131.047,6.829
296011,48.1522328,17.2500506,130.992,6.766
296396,48.1522319,17.2500917,130.79,6.849
296836,48.152231,17.2501282,130.604,6.906
297221,48.1522297,17.2501635,130.433,6.838
297606,48.15223,17.2501986,130.187,6.909
297991,48.1522307,17.25024,130.141,7.06
298431,48.152232,17.2502751,130.539,6.784
298816,48.1522329,17.2503089,130.915,6.446
299201,48.1522339,17.2503396,131.017,5.928
299586,48.1522342,17.2503711,130.691,5.64
300026,48.152234,17.2503995,130.865,5.375
300411,48.1522345,17.2504319,131.297,5.461
300796,48.1522369,17.2504589,131.465,5.109
301236,48.1522392,17.2504849,131.698,4.946
301621,48.152242,17.2505096,131.982,4.804
302006,48.1522455,17.2505353,132.24,4.668
302396,48.1522468,17.250557,132.432,4.223
302831,48.1522487,17.2505777,132.569,4.105
303216,48.1522497,17.2505948,132.678,3.853
303601,48.1522504,17.2506175,132.803,3.839
303986,48.1522503,17.2506363,132.885,3.824
304426,48.15225,17.2506578,132.918,3.643
304811,48.1522494,17.2506769,132.947,3.842
305196,48.1522488,17.2506952,133.002,3.639
305636,48.1522488,17.2507176,133.113,3.764
306021,48.1522489,17.2507361,133.247,3.752
306406,48.1522486,17.2507553,133.309,3.776
306791,48.1522489,17.2507772,133.368,3.839
307231,48.1522496,17.2507958,133.475,3.725
307616,48.1522501,17.2508153,133.542,3.871
308001,48.1522506,17.2508339,133.681,3.603
308386,48.1522513,17.250857,133.731,3.852
308826,48.1522519,17.2508768,133.762,3.895
309211,48.1522514,17.2508966,133.826,3.773
309596,48.1522508,17.2509197,133.884,4.014
310036,48.1522494,17.2509403,133.801,3.985
310421,48.1522487,17.2509606,133.798,3.801
310806,48.1522488,17.2509844,133.784,3.956
311191,48.1522503,17.251005,133.773,4.04
311631,48.1522528,17.2510252,133.853,4.198
312016,48.1522555,17.2510472,133.867,3.785
312401,48.1522576,17.2510659,133.897,3.713
312786,48.1522592,17.2510858,133.895,3.696
313226,48.1522594,17.2511054,134.024,3.868
313611,48.1522597,17.2511248,134.147,3.731
313996,48.1522602,17.2511439,134.094,3.694
314381,48.1522602,17.2511656,134.071,3.662
314821,48.1522599,17.2511844,134.131,3.625
315206,48.1522605,17.2512028,134.025,3.373
315591,48.1522628,17.2512245,134.029,3.594
316031,48.1522652,17.2512403,134.07,3.704
316416,48.1522688,17.2512593,134.004,3.183
316801,48.1522727,17.2512757,133.98,3.279
317186,48.1522772,17.2512899,133.897,3.143
317626,48.1522833,17.2513069,133.857,3.024
318011,48.1522906,17.2513225,133.873,3.266
318396,48.1522986,17.2513372,133.824,3.263
318781,48.1523068,17.2513472,133.751,3.192
319221,48.152317,17.2513546,133.676,3.31
319606,48.1523261,17.2513595,133.652,3.162
319991,48.1523372,17.2513621,133.573,3.256
320431,48.1523506,17.2513649,133.478,3.224
320816,48.1523607,17.2513674,133.389,3.539
321201,48.1523733,17.2513709,133.323,3.747
321586,48.1523881,17.2513757,133.258,3.175
322026,48.1523985,17.2513792,133.274,3.277
322411,48.1524118,17.2513855,133.34,3.616
322796,48.1524231,17.2513927,133.311,3.432
323236,48.1524351,17.2513996,133.206,3.821
323621,48.1524492,17.2514075,133.171,3.767
324006,48.1524614,17.2514163,133.147,3.967
324396,48.1524751,17.2514267,133.196,4.045
324831,48.1524875,17.2514356,133.234,4.21
325216,48.1525011,17.2514467,133.126,3.973
325601,48.1525128,17.2514562,133.195,3.881
325986,48.1525254,17.2514658,133.22,4.13
326426,48.1525376,17.251476,133.216,4.104
326811,48.15255,17.2514857,133.158,4.032
327196,48.1525655,17.251497,133.23,4.136
327636,48.1525776,17.2515066,133.361,3.985
328021,48.15259,17.2515159,133.302,3.985
328406,48.1526036,17.2515248,133.358,3.827
328791,48.1526156,17.2515341,133.319,3.971
329231,48.1526278,17.2515433,133.319,4.13
329616,48.15264,17.2515521,133.315,3.94
330001,48.1526519,17.2515613,133.372,4.139
330386,48.1526653,17.2515736,133.385,4.044
330826,48.1526779,17.2515837,133.418,4.133
331211,48.1526903,17.251594,133.485,4.163
331596,48.1527026,17.2516047,133.488,4.108
331981,48.1527154,17.2516147,133.523,4.222
332421,48.15273,17.2516264,133.555,4.251
332806,48.1527424,17.2516377,133.552,4.24
333191,48.1527546,17.2516492,133.573,4.243
333631,48.152769,17.251662,133.6,4.24
334016,48.1527808,17.2516745,133.59,4.195
334401,48.1527941,17.2516892,133.488,4.046
334786,48.1528063,17.2517024,133.473,4.369
335226,48.1528173,17.2517161,133.48,4.183
335556,48.1528288,17.25173,133.541,4.242
335996,48.1528404,17.2517437,133.485,4.184
336381,48.1528545,17.251764,133.469,4.391
336821,48.1528658,17.2517801,133.421,4.55
337206,48.1528753,17.2517943,133.41,4.574
337591,48.1528873,17.2518142,133.399,4.809
338031,48.152896,17.2518294,133.385,4.587
338416,48.1529081,17.2518499,133.321,4.663
338801,48.1529181,17.2518689,133.349,4.96
339186,48.1529275,17.2518883,133.334,4.599
339626,48.1529387,17.2519105,133.348,4.642
340011,48.1529482,17.2519306,133.35,4.812
340396,48.1529586,17.2519539,133.263,4.821
340836,48.1529675,17.2519747,133.289,4.801
341221,48.1529763,17.2519964,133.225,4.852
341606,48.1529856,17.2520176,133.234,5.046
341991,48.1529947,17.2520388,133.206,4.713
342431,48.1530053,17.2520632,133.234,4.95
342816,48.1530151,17.252084,133.22,5.01
343201,48.1530229,17.252102,133.25,5.084
343586,48.1530334,17.2521262,133.226,4.966
344026,48.1530443,17.2521504,133.271,4.879
344411,48.1530547,17.2521744,133.284,4.884
344796,48.1530644,17.2521954,133.273,4.996
345236,48.1530755,17.2522192,133.24,4.998
345621,48.1530835,17.2522373,133.229,4.734
346006,48.153095,17.2522607,133.246,4.898
346396,48.1531052,17.2522812,133.26,5.044
346831,48.1531157,17.2523018,133.219,4.999
347216,48.1531268,17.2523216,133.161,4.958
347656,48.1531391,17.2523453,133.12,5.073
347986,48.1531502,17.2523654,133.138,5.152
348426,48.1531635,17.2523876,133.144,5.162
348811,48.1531735,17.2524044,133.145,5.149
349196,48.1531853,17.2524228,133.138,4.872
349581,48.1531986,17.2524438,133.22,4.898
350021,48.153209,17.2524594,133.197,5.006
350406,48.1532233,17.2524795,133.207,4.91
350791,48.1532352,17.2524976,133.199,4.923
351231,48.1532457,17.2525131,133.189,4.966
351616,48.1532612,17.2525359,133.163,4.765
352001,48.1532732,17.2525545,133.145,4.961
352386,48.1532869,17.2525737,133.103,4.866
352826,48.1532993,17.2525901,133.109,4.86
353211,48.153312,17.2526063,133.14,4.671
353596,48.1533275,17.2526243,133.116,5.035
353981,48.1533402,17.2526404,133.103,4.764
354421,48.1533532,17.2526565,133.103,4.818
354806,48.1533665,17.2526724,133.131,5.045
355191,48.1533786,17.2526894,133.149,4.959
355631,48.1533928,17.252708,133.128,4.791
356016,48.1534037,17.2527215,133.136,4.787
356401,48.15342,17.2527429,133.084,4.584
356786,48.1534327,17.2527597,133.081,4.967
357226,48.1534453,17.2527762,133.034,4.902
357556,48.1534582,17.2527936,132.99,5.05
357996,48.1534733,17.2528126,132.952,4.997
358436,48.1534861,17.2528288,132.946,5.117
358821,48.1534997,17.2528448,132.915,5.043
359206,48.1535117,17.2528577,132.921,4.882
359591,48.1535274,17.2528753,132.926,4.928
360031,48.1535412,17.2528906,132.926,4.985
360416,48.1535571,17.2529088,132.896,5.203
360801,48.1535688,17.2529226,132.888,5.068
361186,48.1535827,17.2529373,132.882,4.787
361626,48.1536004,17.2529565,132.953,5.035
362011,48.1536167,17.252973,132.944,4.994
362396,48.153631,17.2529869,132.942,4.763
362836,48.1536456,17.2530017,132.974,5.121
363221,48.15366,17.2530161,132.983,5.008
363661,48.1536749,17.2530302,133.014,5.085
363991,48.1536893,17.2530444,133.004,4.957
364431,48.153706,17.2530607,133.013,5.06
364816,48.1537205,17.2530756,132.997,5.062
365201,48.1537327,17.2530886,132.978,4.97
365586,48.1537509,17.2531079,132.942,4.872
366026,48.1537627,17.253121,132.926,4.97
366411,48.1537783,17.2531384,132.915,4.828
366796,48.1537923,17.2531536,132.915,4.895
367181,48.1538043,17.2531672,132.903,5.119
367621,48.1538216,17.2531872,132.912,4.969
368006,48.1538349,17.2532027,132.989,5.019
368396,48.1538504,17.25322,133.006,4.816
368831,48.1538644,17.2532357,132.988,4.976
369216,48.153878,17.2532518,132.963,4.974
369656,48.1538942,17.2532698,132.958,5.068
369986,48.1539083,17.2532857,132.992,5.019
370426,48.1539243,17.2533039,132.988,5.127
370811,48.153939,17.2533189,132.946,5.118
371196,48.1539516,17.2533315,132.942,5.17
371636,48.1539657,17.2533466,133.041,5.019
372021,48.1539807,17.2533601,133,5.025
372351,48.1539983,17.2533752,133.03,5.176
372791,48.1540139,17.2533864,133.015,5.121
373231,48.1540272,17.2533957,133.114,4.959
373616,48.1540472,17.253409,133.17,4.761
374001,48.1540625,17.2534196,133.147,4.869
374386,48.1540793,17.2534322,133.153,4.833
374826,48.1540944,17.2534434,133.216,4.911
375211,48.1541095,17.2534536,133.22,4.758
375651,48.1541259,17.2534665,133.28,4.529
376036,48.1541402,17.2534789,133.272,4.685
376421,48.1541545,17.2534915,133.281,4.779
376806,48.1541684,17.253505,133.318,4.83
377191,48.1541825,17.2535179,133.345,4.904
377631,48.154199,17.2535322,133.326,4.733
378016,48.1542133,17.2535455,133.328,4.707
378401,48.15423,17.2535602,133.403,4.948
378786,48.1542445,17.253573,133.389,4.945
379226,48.1542569,17.2535846,133.379,4.789
379556,48.1542738,17.2535999,133.382,5.063
379996,48.1542908,17.2536152,133.341,5.092
380436,48.1543057,17.253629,133.316,5.007
380821,48.154321,17.2536418,133.26,5.101
381206,48.1543365,17.2536552,133.215,5.243
381591,48.1543531,17.2536711,133.27,4.915
382031,48.1543656,17.2536837,133.275,5.058
382416,48.1543823,17.2537015,133.328,5.226
382856,48.1543971,17.2537157,133.253,4.888
383186,48.1544094,17.2537285,133.243,5.145
383626,48.1544282,17.2537475,133.22,5.191
384011,48.1544429,17.2537625,133.194,5.147
384396,48.1544594,17.2537799,133.106,4.854
384781,48.1544743,17.2537946,133.157,5.268
385221,48.154486,17.2538071,133.231,5.04
385551,48.1545016,17.2538246,133.33,4.906
385991,48.1545176,17.2538412,133.354,4.857
386431,48.1545328,17.2538589,133.366,4.888
386816,48.1545442,17.2538716,133.378,4.787
387201,48.1545581,17.2538861,133.397,4.947
387586,48.1545737,17.2539033,133.381,4.767
388026,48.1545856,17.2539156,133.393,4.91
388411,48.1546016,17.2539316,133.407,4.886
388796,48.1546156,17.2539453,133.453,4.953
389181,48.1546306,17.253958,133.397,5.046
389621,48.1546476,17.2539722,133.409,5
390006,48.1546629,17.2539847,133.369,4.986
390396,48.1546803,17.2539982,133.366,4.811
390831,48.1546954,17.2540105,133.35,4.809
391216,48.1547109,17.2540225,133.438,5.125
391656,48.1547287,17.2540351,133.387,5.012
392041,48.1547443,17.2540468,133.358,5.013
392426,48.1547626,17.2540609,133.334,5.241
392811,48.1547756,17.2540724,133.284,5.018
393196,48.1547908,17.2540858,133.192,4.859
393636,48.1548058,17.2540975,133.279,4.902
394021,48.154821,17.254109,133.273,4.762
394406,48.1548374,17.2541222,133.284,4.555
394791,48.1548514,17.2541349,133.297,4.76
395231,48.1548636,17.2541456,133.293,4.863
395616,48.1548819,17.2541614,133.293,4.696
396001,48.1548962,17.2541745,133.335,4.956
396331,48.1549126,17.2541882,133.319,4.778
396826,48.1549271,17.2541999,133.349,4.821
397211,48.1549416,17.2542125,133.344,4.768
397651,48.1549588,17.2542256,133.355,4.922
398036,48.154974,17.2542374,133.38,5.001
398421,48.1549912,17.2542509,133.296,5.008
398806,48.1550044,17.2542606,133.308,4.928
399191,48.1550197,17.2542724,133.369,4.978
399576,48.1550374,17.2542851,133.404,4.995
400016,48.1550508,17.2542942,133.423,4.937
400401,48.1550705,17.2543089,133.469,4.783
400786,48.1550864,17.2543188,133.527,5.021
401226,48.1551024,17.2543288,133.55,5.062
401556,48.1551179,17.2543394,133.575,5.091
401996,48.1551358,17.2543506,133.575,4.853
402381,48.1551511,17.2543611,133.645,4.822
402821,48.1551664,17.254371,133.692,4.901
403206,48.1551795,17.2543791,133.745,4.626
403591,48.155199,17.2543919,133.858,4.766
403976,48.1552139,17.2544015,133.885,4.627
404416,48.1552293,17.254411,133.902,4.729
404801,48.1552444,17.2544212,133.937,4.794
405186,48.1552573,17.2544296,133.955,4.767
405626,48.1552745,17.2544404,133.985,4.741
406011,48.1552896,17.2544502,134.032,4.82
406396,48.1553091,17.2544619,134.082,4.875
406781,48.155324,17.2544709,134.105,4.66
407221,48.155339,17.2544799,134.118,4.596
407551,48.1553541,17.2544889,134.089,4.593
407991,48.155371,17.2544994,134.107,4.704
408431,48.1553857,17.2545084,134.106,4.55
408816,48.1554008,17.2545172,134.068,4.605
409201,48.1554134,17.2545255,134.04,4.649
409586,48.1554326,17.2545376,134.023,4.703
410026,48.1554472,17.2545465,133.991,4.512
410411,48.155462,17.254556,134.045,4.733
410796,48.1554762,17.254565,133.984,4.502
411236,48.155489,17.2545725,133.946,4.696
411621,48.1555073,17.2545839,133.922,4.578
412006,48.1555218,17.2545923,133.914,4.512
412396,48.155539,17.254602,133.88,4.761
412831,48.1555538,17.2546111,133.884,4.661
413216,48.1555686,17.2546207,133.883,4.749
413656,48.1555855,17.2546304,133.873,4.563
414041,48.1556002,17.2546402,133.829,4.574
414426,48.155617,17.2546504,133.824,4.569
414811,48.1556294,17.2546584,133.857,4.408
415196,48.1556444,17.254668,133.882,4.789
415636,48.1556594,17.2546771,133.895,4.734
416021,48.1556749,17.254685,133.892,4.728
416406,48.1556922,17.2546954,133.912,4.694
416791,48.1557078,17.2547037,133.933,4.796
417231,48.1557209,17.2547106,133.94,4.672
417616,48.1557405,17.2547216,133.945,4.749
418001,48.1557561,17.2547293,133.929,4.832
418386,48.1557737,17.2547385,133.882,4.761
418826,48.1557895,17.2547472,133.863,4.888
419211,48.1558055,17.2547551,133.782,4.753
419596,48.1558236,17.2547658,133.756,4.836
419981,48.1558396,17.2547751,133.727,5.037
420421,48.1558561,17.2547832,133.627,4.964
420806,48.1558724,17.2547927,133.566,5.023
421191,48.1558886,17.2548017,133.524,4.986
421576,48.1559048,17.254811,133.505,5.046
422016,48.1559206,17.2548213,133.493,4.884
422401,48.1559412,17.2548339,133.519,4.948
422786,48.1559547,17.2548429,133.48,5.034
423226,48.1559705,17.2548534,133.463,5.154
423556,48.1559885,17.2548651,133.447,4.947
423996,48.1560067,17.2548776,133.417,5.112
424381,48.1560223,17.2548879,133.369,4.957
424821,48.1560382,17.2548982,133.391,4.996
425206,48.156052,17.2549071,133.372,5.057
425591,48.1560706,17.2549178,133.38,4.985
426031,48.1560844,17.2549263,133.367,5.09
426416,48.1561031,17.2549371,133.355,5.012
426801,48.1561218,17.2549481,133.305,5.12
427186,48.1561358,17.2549572,133.321,5.26
427626,48.1561564,17.2549698,133.326,5.056
428011,48.1561751,17.2549815,133.371,5.212
428396,48.1561933,17.2549931,133.353,4.992
428836,48.1562097,17.2550023,133.41,4.998
429221,48.1562257,17.2550119,133.425,5.039
429661,48.1562394,17.2550201,133.466,5.008
429991,48.1562559,17.2550292,133.47,5.09
430431,48.1562747,17.2550409,133.513,5.008
430816,48.1562913,17.2550504,133.539,5.167
431201,48.1563051,17.2550587,133.547,5.094
431641,48.1563242,17.2550693,133.607,5.021
432026,48.1563433,17.2550793,133.645,5.087
432411,48.1563599,17.2550885,133.673,5.143
432796,48.1563796,17.2550971,133.672,5.418
433236,48.1563958,17.2551045,133.709,5.093
433621,48.1564147,17.2551128,133.776,5.013
434006,48.1564313,17.2551194,133.764,4.821
434396,48.1564476,17.2551278,133.786,5.002
434831,48.1564638,17.255136,133.834,5.049
435216,48.1564801,17.2551435,133.846,4.898
435601,48.1564983,17.2551531,133.846,4.679
435986,48.1565148,17.2551604,133.834,4.879
436426,48.1565315,17.2551679,133.86,5.001
436811,48.1565479,17.2551757,133.843,4.979
437196,48.1565642,17.2551822,133.799,4.769
437581,48.1565805,17.2551891,133.86,4.918
438021,48.1565965,17.2551964,133.878,4.759
438406,48.1566177,17.2552046,133.918,4.902
438791,48.1566339,17.2552115,133.92,4.91
439231,48.1566478,17.2552173,133.909,4.891
439616,48.1566666,17.2552243,133.857,4.794
440001,48.1566827,17.2552307,133.896,4.763
440386,48.1567013,17.255237,133.912,4.869
440826,48.1567175,17.255243,133.874,4.788
441211,48.1567336,17.2552499,133.862,4.714
441596,48.1567518,17.2552574,133.877,4.599
442036,48.1567677,17.2552643,133.865,4.872
442421,48.1567839,17.2552716,133.883,4.847
442806,48.1568,17.2552785,133.843,4.805
443191,48.1568157,17.2552865,133.848,4.867
443631,48.1568339,17.2552958,133.832,4.897
444016,48.1568476,17.2553024,133.854,4.949
444401,48.1568676,17.2553125,133.836,4.66
444786,48.1568841,17.2553191,133.846,4.828
445226,48.156898,17.2553243,133.851,4.797
445556,48.1569166,17.2553317,133.856,4.874
445996,48.156933,17.255337,133.859,4.964
446436,48.1569543,17.2553448,133.825,4.939
446821,48.156968,17.2553503,133.839,4.796
447206,48.1569845,17.2553566,133.854,4.959
447591,48.1570026,17.2553644,133.879,4.761
448031,48.1570187,17.255371,133.88,4.893
448416,48.1570343,17.2553768,133.882,4.533
448801,48.1570503,17.2553834,133.899,4.699
449186,48.1570633,17.2553886,133.878,4.367
449626,48.1570836,17.2553957,133.913,4.72
450011,48.1570996,17.2554021,133.871,4.821
450396,48.1571179,17.2554073,133.811,4.56
450836,48.1571339,17.2554124,133.826,4.673
451221,48.1571473,17.2554171,133.903,4.599
451551,48.1571659,17.2554228,133.899,4.82
451991,48.1571843,17.2554274,133.891,4.745
452431,48.1572027,17.255432,133.877,4.746
452816,48.1572191,17.2554349,133.872,4.744
453201,48.1572329,17.2554369,133.872,4.773
453586,48.1572517,17.2554391,133.865,4.66
454026,48.1572661,17.2554399,133.843,4.653
454411,48.157285,17.2554416,133.845,4.899
454796,48.1573014,17.255443,133.861,4.77
455181,48.1573157,17.2554432,133.85,4.849
455621,48.1573383,17.2554448,133.892,4.492
456006,48.1573541,17.2554456,133.926,4.553
456396,48.1573696,17.2554467,133.916,4.419
456831,48.1573854,17.2554485,133.903,4.536
457216,48.157401,17.2554503,133.912,4.531
457656,48.157418,17.2554515,133.909,4.268
457986,48.157433,17.2554532,133.905,4.402
458426,48.1574501,17.2554538,133.868,4.27
458811,48.1574651,17.2554526,133.792,4.28
459196,48.1574781,17.2554518,133.797,4.424
459636,48.157493,17.255451,133.719,4.308
460021,48.1575083,17.2554488,133.819,4.371
460406,48.1575256,17.2554469,133.845,4.433
460791,48.1575406,17.2554459,133.864,4.437
461231,48.1575535,17.2554449,133.837,4.375
461616,48.157573,17.2554445,133.837,4.45
462001,48.1575889,17.2554446,133.816,4.562
462386,48.1576065,17.2554446,133.742,4.469
462826,48.1576219,17.2554453,133.795,4.414
463211,48.1576376,17.2554454,133.795,4.568
463596,48.1576553,17.2554446,133.78,4.411
464036,48.1576685,17.255444,133.771,4.438
464421,48.1576862,17.2554425,133.776,4.521
464806,48.1577018,17.2554405,133.78,4.749
465191,48.1577169,17.2554396,133.738,4.375
465631,48.1577347,17.2554395,133.749,4.584
466016,48.1577499,17.2554384,133.775,4.389
466401,48.1577675,17.2554383,133.724,4.399
466841,48.1577827,17.2554377,133.73,4.443
467226,48.1577981,17.2554362,133.733,4.427
467556,48.1578133,17.255435,133.698,4.416
467996,48.157831,17.2554335,133.654,4.45
468436,48.1578487,17.2554308,133.675,4.415
468821,48.1578638,17.2554306,133.694,4.369
469206,48.1578809,17.25543,133.759,4.344
469591,48.1578938,17.2554288,133.725,4.206
470031,48.1579089,17.2554284,133.757,4.362
470416,48.157924,17.2554283,133.745,4.283
470801,48.1579393,17.2554276,133.732,4.394
471186,48.1579522,17.2554273,133.709,4.258
471626,48.1579714,17.2554276,133.744,4.231
472011,48.157985,17.2554276,133.774,4.695
472396,48.1580042,17.2554279,133.718,4.368
472836,48.1580198,17.2554298,133.679,4.491
473221,48.158033,17.2554305,133.676,4.381
473606,48.158053,17.2554323,133.628,4.49
473991,48.1580666,17.2554343,133.627,4.492
474431,48.1580843,17.2554361,133.577,4.43
474816,48.1580998,17.2554389,133.561,4.545
475201,48.1581156,17.2554423,133.491,4.465
475641,48.1581329,17.2554451,133.419,4.212
476026,48.158148,17.2554476,133.456,4.197
476411,48.1581639,17.2554494,133.534,4.577
476796,48.1581793,17.2554493,133.515,4.538
477236,48.1581946,17.2554495,133.484,4.353
477621,48.1582125,17.2554495,133.48,4.621
478006,48.1582276,17.2554486,133.429,4.416
478396,48.1582443,17.2554473,133.436,4.031
478831,48.1582591,17.255446,133.419,4.077
479216,48.1582738,17.2554438,133.439,4.269
479601,48.1582895,17.2554405,133.467,4.141
479986,48.158304,17.2554383,133.456,4.269
480426,48.1583183,17.2554359,133.449,4.02
480811,48.1583322,17.2554325,133.466,3.895
481196,48.1583463,17.2554301,133.443,4.107
481636,48.1583599,17.2554272,133.478,3.988
482021,48.1583732,17.2554237,133.447,3.761
482406,48.1583906,17.2554196,133.458,3.984
482791,48.1584035,17.2554171,133.385,3.683
483231,48.1584149,17.2554141,133.347,3.775
483616,48.1584297,17.2554105,133.356,3.555
484001,48.1584425,17.255408,133.407,3.599
484441,48.1584569,17.2554056,133.37,3.521
484826,48.1584695,17.2554021,133.362,3.714
485211,48.1584817,17.2553987,133.41,3.746
485596,48.158494,17.2553955,133.432,3.645
486036,48.1585059,17.2553917,133.415,3.612
486421,48.1585194,17.2553874,133.383,3.243
486806,48.1585312,17.2553844,133.385,3.422
487191,48.1585429,17.2553819,133.419,3.462
487631,48.1585561,17.2553791,133.395,3.266
488016,48.1585679,17.2553763,133.405,3.465
488401,48.1585811,17.2553741,133.466,3.41
488786,48.1585927,17.2553719,133.535,3.497
489226,48.1586039,17.2553691,133.521,3.312
489556,48.1586149,17.2553657,133.532,3.099
489996,48.1586279,17.2553622,133.586,3.312
490381,48.1586409,17.255359,133.571,3.308
490821,48.1586513,17.2553561,133.558,3.537
491206,48.1586636,17.255352,133.54,3.617
491646,48.1586778,17.2553481,133.574,3.807
492031,48.1586897,17.2553456,133.536,3.412
492416,48.158702,17.2553422,133.54,3.574
492801,48.1587142,17.2553389,133.592,3.418
493186,48.1587248,17.2553366,133.605,3.575
493626,48.1587402,17.2553329,133.618,3.685
494011,48.1587525,17.2553288,133.628,3.657
494396,48.1587663,17.2553252,133.666,3.495
494836,48.1587788,17.2553227,133.675,3.503
495221,48.1587913,17.2553203,133.707,3.448
495606,48.1588038,17.2553163,133.707,3.636
495991,48.158818,17.2553123,133.719,3.623
496431,48.1588306,17.255309,133.671,3.796
496816,48.1588436,17.2553065,133.687,3.812
497201,48.1588565,17.2553045,133.646,3.747
497586,48.1588696,17.2553035,133.641,3.933
498026,48.1588828,17.2553028,133.627,3.88
498411,48.1588981,17.2553014,133.637,4.023
498796,48.1589132,17.2553004,133.642,3.796
499236,48.1589281,17.2552997,133.63,3.715
499621,48.1589417,17.2552988,133.585,3.987
500006,48.1589551,17.255298,133.559,3.973
500396,48.1589683,17.2552976,133.516,3.706
500831,48.1589817,17.2552966,133.473,3.76
501216,48.1589949,17.255295,133.495,3.894
501601,48.1590102,17.2552933,133.413,3.79
502041,48.1590215,17.2552928,133.453,3.845
502426,48.1590363,17.2552925,133.37,3.753
502811,48.1590494,17.2552919,133.381,3.897
503196,48.1590604,17.2552912,133.329,3.821
503636,48.1590769,17.2552909,133.294,3.496
504021,48.1590879,17.2552908,133.295,3.565
504406,48.1591043,17.2552896,133.327,3.681
504791,48.1591161,17.2552878,133.331,3.406
505231,48.1591275,17.2552853,133.288,3.315
505616,48.159139,17.2552827,133.232,3.419
506001,48.1591504,17.2552797,133.156,3.276
506386,48.1591623,17.2552745,133.071,3.112
506826,48.1591715,17.2552681,133.035,2.872
507211,48.15918,17.25526,133.01,3.135
507596,48.1591889,17.2552514,132.94,3.193
507981,48.1591989,17.2552402,132.842,3.311
508421,48.1592076,17.25523,132.625,3.213
508806,48.1592161,17.2552184,132.45,3.261
509191,48.1592248,17.2552053,132.277,3.65
509631,48.1592354,17.2551897,132.003,3.802
510016,48.1592453,17.2551759,131.759,3.989
510401,48.1592571,17.2551593,131.546,4.05
510786,48.1592685,17.2551441,131.383,4.401
511226,48.1592799,17.2551289,131.182,4.563
511556,48.1592917,17.255114,131.002,4.463
511996,48.1593055,17.2550972,130.795,4.483
512436,48.1593176,17.2550826,130.546,4.757
512821,48.1593301,17.255067,130.204,4.671
513206,48.1593438,17.2550495,129.864,5.337
513591,48.15936,17.2550292,129.511,5.515
514031,48.1593751,17.2550109,129.227,5.784
514416,48.159391,17.2549933,129.035,5.78
514801,48.1594079,17.2549767,128.832,5.797
515186,48.1594252,17.2549616,128.822,5.682
515626,48.1594449,17.254948,128.774,5.366
516011,48.1594623,17.254939,128.817,5.199
516396,48.1594794,17.2549317,128.826,5.089
516836,48.1594984,17.2549258,128.838,4.997
517221,48.1595121,17.254923,128.851,4.713
517606,48.1595306,17.2549208,128.815,4.647
517991,48.1595483,17.2549199,128.786,4.42
518431,48.1595635,17.2549194,128.688,4.379
518816,48.1595788,17.2549181,128.646,4.472
519201,48.1595939,17.254916,128.599,4.363
519641,48.1596087,17.254914,128.568,4.327
520026,48.1596232,17.2549127,128.532,4.085
520411,48.1596401,17.2549119,128.521,4.263
520796,48.1596566,17.2549114,128.507,4.17
521236,48.1596725,17.2549112,128.51,3.96
521621,48.1596864,17.2549118,128.584,4.149
522006,48.1596999,17.2549135,128.539,3.851
522396,48.1597129,17.254916,128.545,3.737
522831,48.1597256,17.2549191,128.541,3.764
523216,48.159738,17.2549231,128.57,3.645
523601,48.1597521,17.2549286,128.571,3.615
523986,48.1597633,17.2549332,128.637,3.259
524426,48.1597749,17.2549379,128.616,3.342
524811,48.1597863,17.2549425,128.644,3.547
525196,48.1597957,17.2549464,128.604,3.311
525636,48.1598081,17.2549509,128.623,3.17
526021,48.1598187,17.2549544,128.627,3.086
526406,48.1598302,17.2549586,128.671,3.014
526791,48.1598411,17.2549622,128.698,3.052
527231,48.1598517,17.2549657,128.742,2.742
527616,48.1598607,17.2549686,128.738,2.715
528001,48.1598691,17.2549713,128.721,2.443
528386,48.1598777,17.2549751,128.722,2.511
528826,48.159886,17.2549791,128.732,2.552
529211,48.1598948,17.2549833,128.753,2.64
529596,48.1599045,17.2549886,128.766,2.472
530036,48.1599122,17.2549918,128.813,2.759
530421,48.1599235,17.2549963,128.777,2.928
530806,48.1599334,17.2549999,128.772,3.026
531191,48.1599436,17.2550039,128.754,3.052
531631,48.1599538,17.2550071,128.822,2.696
532016,48.1599639,17.2550085,128.903,2.733
532401,48.1599748,17.2550102,128.912,2.634
532841,48.1599845,17.255012,128.879,2.769
533226,48.1599945,17.2550146,128.84,2.836
533556,48.1600047,17.2550172,128.842,3.088
533996,48.1600166,17.2550197,128.779,2.918
534436,48.1600286,17.255023,128.744,3.251
534821,48.1600396,17.255027,128.716,3.308
535206,48.1600485,17.2550302,128.701,3.219
535591,48.1600615,17.2550337,128.689,3.223
536031,48.1600706,17.2550359,128.777,3.314
536416,48.1600827,17.2550391,128.688,3.147
536801,48.1600937,17.2550426,128.604,3.311
537241,48.1601034,17.2550453,128.612,3.341
537626,48.160118,17.2550486,128.566,3.335
538011,48.1601297,17.2550503,128.568,3.282
538396,48.160143,17.2550525,128.585,3.398
538836,48.1601549,17.2550557,128.568,3.478
539221,48.1601673,17.2550595,128.579,3.723
539606,48.1601812,17.2550637,128.53,3.683
539991,48.1601918,17.2550676,128.542,3.803
540431,48.1602054,17.2550735,128.482,3.534
540816,48.1602182,17.2550763,128.518,3.802
541201,48.1602305,17.2550796,128.543,3.653
541586,48.160245,17.2550849,128.595,3.812
542026,48.1602558,17.255089,128.582,3.775
542411,48.1602706,17.2550941,128.517,3.701
542796,48.1602833,17.2550981,128.563,3.738
543181,48.1602957,17.2551016,128.583,3.514
543621,48.1603099,17.2551043,128.657,3.671
544006,48.1603219,17.2551059,128.716,3.506
544396,48.160336,17.2551082,128.782,3.576
544831,48.1603497,17.2551106,128.794,3.44
545216,48.1603625,17.2551124,128.766,3.764
545601,48.1603753,17.2551151,128.803,3.858
545986,48.1603884,17.2551191,128.759,3.821
546426,48.1604016,17.2551228,128.795,3.954
546811,48.1604147,17.2551265,128.794,3.866
547196,48.1604255,17.2551304,128.809,3.8
547636,48.1604402,17.2551361,128.851,3.691
548021,48.1604534,17.2551407,128.86,3.717
548406,48.1604693,17.2551461,128.906,3.674
548791,48.1604818,17.2551516,128.985,3.599
549231,48.1604963,17.2551575,128.975,3.889
549616,48.1605085,17.2551615,128.947,3.513
550001,48.1605213,17.2551649,128.985,3.689
550386,48.160534,17.2551678,129.025,3.819
550826,48.1605469,17.2551693,129.027,3.737
551211,48.1605576,17.2551715,129.038,3.684
551651,48.160572,17.2551755,129.076,3.68
552036,48.1605845,17.2551798,129.071,3.59
552421,48.1605984,17.2551877,129.108,3.741
552806,48.1606105,17.2551986,129.328,3.57
553191,48.1606232,17.2552084,129.44,3.784
553631,48.1606323,17.2552168,129.526,3.571
554016,48.1606448,17.2552267,129.63,3.28
554401,48.160655,17.255237,129.759,3.532
554841,48.1606652,17.2552463,129.878,3.619
555226,48.1606746,17.2552554,130.059,2.948
555666,48.160684,17.2552676,130.247,2.995
555996,48.1606916,17.2552782,130.368,3.143
556436,48.160701,17.2552887,130.503,2.74
556821,48.1607094,17.2552983,130.61,2.999
557206,48.1607151,17.2553071,130.747,2.74
557591,48.1607245,17.2553177,130.858,2.843
558031,48.1607312,17.255323,130.983,2.582
558416,48.1607399,17.2553313,131.171,2.461
558801,48.1607476,17.2553397,131.299,2.919
559186,48.1607544,17.2553444,131.401,2.476
559626,48.1607639,17.2553506,131.552,2.389
560011,48.1607712,17.2553568,131.617,2.361
560396,48.160779,17.2553631,131.682,2.439
560781,48.1607873,17.2553675,131.674,2.578
561221,48.1607954,17.2553709,131.675,2.519
561606,48.1608038,17.2553738,131.702,2.435
561991,48.160813,17.2553759,131.681,2.736
562431,48.1608234,17.255375,131.639,2.514
562816,48.1608331,17.2553733,131.572,2.698
563201,48.160841,17.2553711,131.596,2.615
563586,48.1608508,17.2553661,131.588,2.67
564026,48.1608592,17.2553599,131.607,2.505
564411,48.16087,17.255351,131.636,2.993
564796,48.1608777,17.2553434,131.596,2.646
565236,48.160885,17.2553349,131.6,2.751
565621,48.1608925,17.2553247,131.568,2.462
566006,48.1608989,17.2553152,131.603,2.596
566396,48.1609051,17.2553047,131.557,2.726
566831,48.1609101,17.2552929,131.533,2.641
567216,48.1609149,17.2552811,131.51,2.717
567601,48.1609205,17.2552671,131.5,2.709
567986,48.1609243,17.255258,131.504,2.544
568426,48.1609294,17.2552453,131.558,2.34
568811,48.1609329,17.2552355,131.598,2.094
569196,48.1609369,17.2552243,131.581,2.627
569636,48.160941,17.2552116,131.539,2.357
570021,48.1609435,17.2552022,131.541,2.339
570406,48.1609466,17.2551884,131.543,2.059
570791,48.1609491,17.2551777,131.541,2.226
571231,48.1609518,17.2551669,131.509,2.194
571561,48.1609548,17.2551561,131.471,2.364
572001,48.1609585,17.2551443,131.424,2.157
572441,48.1609617,17.2551342,131.414,2.038
572826,48.160965,17.2551249,131.437,1.959
573211,48.1609675,17.255115,131.425,2.026
573596,48.1609699,17.2551043,131.45,1.876
574036,48.1609713,17.2550969,131.452,1.728
574421,48.1609737,17.2550874,131.469,1.751
574806,48.1609764,17.2550786,131.532,1.897
575191,48.160979,17.2550694,131.539,1.947
575631,48.1609816,17.2550572,131.539,2.269
576016,48.1609837,17.2550454,131.481,2.258
576401,48.160986,17.2550327,131.44,2.212
576786,48.1609881,17.2550215,131.479,2.286
577226,48.1609905,17.2550106,131.473,2.319
577611,48.1609924,17.2549984,131.488,2.447
577996,48.160994,17.2549863,131.467,2.483
578381,48.1609956,17.2549712,131.461,2.662
578821,48.1609965,17.25496,131.435,2.45
579206,48.1609971,17.2549463,131.443,2.755
579591,48.1609971,17.2549294,131.459,2.84
580031,48.1609972,17.2549146,131.578,3.123
580416,48.1609979,17.2548978,131.553,2.715
580801,48.1609989,17.2548837,131.575,2.589
581186,48.161,17.254869,131.618,2.968
581626,48.1610025,17.2548523,131.666,3
582011,48.161006,17.2548358,131.6,2.886
582396,48.1610092,17.2548206,131.598,3.239
582836,48.161012,17.2548052,131.506,3.061
583221,48.1610156,17.254791,131.495,2.98
583606,48.1610195,17.2547748,131.498,2.953
583991,48.1610233,17.2547614,131.522,2.806
584431,48.1610274,17.2547479,131.503,2.93
584816,48.1610323,17.2547343,131.47,2.925
585201,48.161037,17.2547229,131.428,2.955
585641,48.161044,17.2547082,131.366,3.115
586026,48.1610497,17.2546956,131.326,2.678
586411,48.1610562,17.254681,131.379,3.103
586796,48.1610624,17.2546667,131.345,2.752
587236,48.1610676,17.2546536,131.32,2.988
587621,48.1610733,17.2546407,131.289,2.843
588006,48.1610793,17.2546288,131.332,2.945
588446,48.1610861,17.2546128,131.281,3.379
588831,48.1610912,17.254597,131.212,3.329
589216,48.1610965,17.2545791,131.233,3.361
589601,48.1611017,17.2545641,131.329,3.103
590041,48.1611062,17.2545478,131.348,3.174
590426,48.1611093,17.2545314,131.297,3.266
590811,48.1611133,17.2545154,131.281,3.287
591196,48.161117,17.2544991,131.306,3.403
591636,48.1611198,17.254482,131.31,3.414
592021,48.1611225,17.2544656,131.255,3.231
592406,48.1611262,17.2544461,131.282,3.31
592791,48.1611295,17.2544257,131.267,3.605
593231,48.1611325,17.2544086,131.345,3.38
593616,48.1611358,17.2543913,131.336,3.312
594001,48.161139,17.2543736,131.34,3.53
594386,48.1611425,17.2543534,131.331,3.455
594826,48.1611469,17.2543357,131.286,3.672
595211,48.1611505,17.2543184,131.342,3.54
595596,48.1611537,17.2542993,131.283,3.289
596036,48.1611577,17.2542824,131.287,3.572
596421,48.1611614,17.2542651,131.348,3.643
596806,48.1611645,17.254248,131.414,3.417
597191,48.1611684,17.2542285,131.43,3.445
597631,48.1611724,17.2542122,131.404,3.356
598016,48.1611765,17.2541969,131.431,3.238
598401,48.1611806,17.2541788,131.425,3.089
598841,48.1611847,17.254164,131.581,3.104
599226,48.1611897,17.2541507,131.65,3.034
599611,48.1611947,17.2541357,131.51,2.999
599996,48.1611982,17.2541182,131.59,2.985
600436,48.1612024,17.254103,131.554,3.212
600821,48.1612058,17.2540886,131.425,2.974
601206,48.1612107,17.254075,131.494,2.944
601591,48.1612127,17.2540601,131.548,2.495
602031,48.1612152,17.2540456,131.407,3.049
602416,48.161219,17.2540317,131.444,2.827
602801,48.1612235,17.2540171,131.309,2.989
603241,48.1612282,17.2539998,131.233,3.2
603626,48.1612322,17.2539849,131.116,3.032
604011,48.1612364,17.2539707,131.118,2.98
604396,48.161242,17.2539548,131.104,3.037
604836,48.1612466,17.2539394,130.909,3.264
605221,48.1612514,17.2539217,130.813,3.263
605606,48.1612551,17.2539061,130.715,3.156
606046,48.1612592,17.2538922,130.74,3.017
606431,48.1612634,17.2538783,130.815,2.886
606816,48.161268,17.2538646,130.838,2.925
607201,48.161274,17.2538491,130.75,3.084
607641,48.1612789,17.2538356,130.766,3.079
608026,48.1612839,17.2538223,130.692,3.013
608411,48.1612898,17.2538076,130.689,2.924
608796,48.1612963,17.2537959,130.709,2.726
609236,48.161303,17.2537837,130.729,3.037
609621,48.1613099,17.2537716,130.694,2.904
610006,48.1613169,17.2537604,130.677,2.889
610396,48.1613254,17.2537462,130.616,3.327
610831,48.1613322,17.2537355,130.618,2.718
611216,48.1613393,17.2537267,130.854,2.62
611601,48.1613475,17.2537194,130.844,2.672
611986,48.1613556,17.253713,130.946,2.558
612426,48.1613661,17.253707,131.093,2.898
612811,48.1613759,17.2537024,131.107,2.841
613196,48.1613841,17.2537003,131.063,2.689
613636,48.1613955,17.2536982,131.039,2.9
614021,48.161406,17.2536974,131.087,2.62
614406,48.1614149,17.2536974,131.18,2.537
614791,48.1614252,17.2536969,131.289,2.733
615231,48.1614342,17.2536969,131.383,2.558
615616,48.1614431,17.2536982,131.468,2.599
616001,48.1614511,17.2537005,131.572,2.357
616441,48.1614611,17.2537035,131.69,2.525
616826,48.1614695,17.253707,131.823,2.466
617211,48.1614781,17.2537112,131.905,2.65
617596,48.1614887,17.2537144,132.009,2.659
618036,48.1614982,17.2537179,132.022,2.83
618421,48.1615083,17.2537212,131.824,2.958
618806,48.1615174,17.2537264,131.854,2.818
619191,48.1615284,17.253732,131.862,2.932
619631,48.1615383,17.2537365,131.885,3.117
620016,48.1615478,17.2537406,131.862,2.745
620401,48.1615575,17.2537467,131.861,3.096
620841,48.1615691,17.2537528,131.861,3.048
621226,48.1615801,17.253761,131.889,3.099
621666,48.1615895,17.2537658,131.99,2.889
621996,48.1615988,17.2537716,132.081,2.797
622436,48.1616086,17.2537765,132.089,2.88
622821,48.1616188,17.2537809,132.063,2.969
623206,48.1616286,17.2537864,132.109,3.027
623646,48.1616386,17.2537933,132.089,3.175
624031,48.1616478,17.2538018,132.144,3.145
624416,48.1616585,17.2538104,132.246,2.978
624801,48.1616682,17.2538197,132.294,3.403
625241,48.1616774,17.2538287,132.351,3.023
625626,48.16169,17.2538378,132.357,3.469
626011,48.1617003,17.2538453,132.408,3.236
626396,48.1617129,17.253854,132.342,3.436
626836,48.1617242,17.2538603,132.634,3.451
627221,48.1617351,17.2538662,132.84,3.256
627606,48.161747,17.2538713,132.922,3.507
627991,48.1617608,17.2538761,133.041,3.534
628431,48.1617737,17.2538785,133.029,3.635
628816,48.1617866,17.253882,132.82,3.782
629201,48.1617992,17.2538863,132.933,3.71
629641,48.1618146,17.2538896,132.962,3.835
630026,48.1618273,17.2538926,133.107,3.633
630411,48.1618389,17.2538974,133.436,3.399
630796,48.1618538,17.2539018,133.665,3.842
631236,48.1618668,17.2539052,133.699,3.662
631621,48.1618806,17.2539131,133.552,4.263
632006,48.1618944,17.2539181,133.408,3.909
632396,48.1619101,17.2539244,133.521,4.211
632831,48.1619235,17.2539298,133.585,3.865
633216,48.1619361,17.2539358,133.769,3.817
633601,48.1619506,17.2539431,134.236,3.869
634041,48.1619641,17.2539497,134.408,4.141
634426,48.1619784,17.2539562,134.479,4.348
634811,48.1619925,17.253963,134.526,4.445
635251,48.1620091,17.2539684,134.622,4.202
635636,48.1620242,17.2539732,134.688,4.385
636021,48.1620396,17.2539774,134.691,4.57
636406,48.1620542,17.253983,134.784,4.478
636846,48.1620708,17.2539915,134.801,4.415
637231,48.1620852,17.2539985,134.881,4.32
637616,48.1620991,17.2540059,134.917,3.968
638001,48.1621125,17.2540118,135.349,4.166
638441,48.1621303,17.254019,135.176,4.565
638826,48.1621452,17.2540259,135.316,4.492
639211,48.1621609,17.2540313,135.18,4.396
639596,48.162179,17.2540391,135.057,4.652
640036,48.1621951,17.2540469,134.832,4.862
640421,48.162213,17.2540561,134.626,4.72